EO_i - Before Estimation
             Xc[mm]	     Yc[mm]	     Zc[mm]	 Omega[deg]	   Phi[deg]	 Kappa[deg]
Minimum:  -1177.200	   -521.900	  -7016.577	 -63.205499	 -68.796971	  -3.670265
Maximum:   -536.300	   -127.400	  -6027.470	 111.300181	  88.769945	   4.195828
Average:   -793.200	   -371.978	  -6355.999	  20.035473	  11.753537	   0.749902
Std_dv.:    161.981	    125.478	    268.448	  62.298323	  49.447836	   2.177638
RMS    :    832.114	    402.805	   6545.776	  65.620989	  50.905405	   2.310312

EO_e - After Estimation
             Xc[mm]	     Yc[mm]	     Zc[mm]	 Omega[deg]	   Phi[deg]	 Kappa[deg]
Minimum:  -1359.700	  -1251.000	  -7093.609	 -24.841075	-130.134754	-4711.100841
Maximum:    461.800	    237.700	  -5544.740	  59.308726	 145.807425	5532.318219
Average:   -793.244	   -372.006	  -6355.931	  23.491458	  47.395639	2092.340899
Std_dv.:    511.518	    453.468	    367.842	  34.296885	 124.068073	4946.330757
RMS    :    963.277	    593.432	   6550.535	  41.959345	 133.309307	5394.590009

GP_i - Before Estimation
              X[mm]	      Y[mm]	      Z[mm]
Minimum:    -26.900	    -64.500	    -41.279
Maximum:     30.000	     26.200	     61.813
Average:     -2.108	     -8.954	      2.446
Std_dv.:     13.614	     23.634	     33.049
RMS    :     13.790	     25.405	     33.147

GP_e - After Estimation
              X[mm]	      Y[mm]	      Z[mm]
Minimum:  -2278.300	  -1472.000	  -6118.187
Maximum:   -118.100	   2207.900	  -4227.552
Average:  -1105.192	    361.369	  -4953.707
Std_dv.:    718.446	   1055.850	    547.310
RMS    :   1356.245	   1120.843	   5184.949
