EO_i - Before Estimation
             Xc[mm]	     Yc[mm]	     Zc[mm]	 Omega[deg]	   Phi[deg]	 Kappa[deg]
Minimum:  -1177.200	   -521.900	  -7016.577	 -63.205499	 -68.796971	  -3.670265
Maximum:   -536.300	   -127.400	  -6027.470	 111.300181	  88.769945	   4.195828
Average:   -793.200	   -371.978	  -6355.999	  20.035473	  11.753537	   0.749902
Std_dv.:    161.981	    125.478	    268.448	  62.298323	  49.447836	   2.177638
RMS    :    832.114	    402.805	   6545.776	  65.620989	  50.905405	   2.310312

EO_e - After Estimation
             Xc[mm]	     Yc[mm]	     Zc[mm]	 Omega[deg]	   Phi[deg]	 Kappa[deg]
Minimum:  -1553.200	  -1445.000	  -7083.609	 -25.035149	-130.111148	-4711.115566
Maximum:   1037.800	    549.600	  -5447.740	  59.236018	 145.547016	5532.177157
Average:   -793.244	   -371.894	  -6356.042	  23.491127	  47.374321	2092.317733
Std_dv.:    678.665	    532.484	    408.539	  34.292595	 124.013780	4946.339014
RMS    :   1061.526	    655.729	   6553.061	  41.955642	 133.250753	5394.588066

GP_i - Before Estimation
              X[mm]	      Y[mm]	      Z[mm]
Minimum:    -26.900	    -64.500	    -41.279
Maximum:     30.000	     26.200	     61.813
Average:     -2.108	     -8.954	      2.446
Std_dv.:     13.614	     23.634	     33.049
RMS    :     13.790	     25.405	     33.147

GP_e - After Estimation
              X[mm]	      Y[mm]	      Z[mm]
Minimum:  -2264.300	  -1412.000	  -5907.187
Maximum:   -122.100	   2059.900	  -4200.552
Average:  -1094.500	    352.523	  -4980.707
Std_dv.:    716.678	   1033.670	    512.544
RMS    :   1345.877	   1096.860	   5209.360
