EO_i - Before Estimation
             Xc[mm]	     Yc[mm]	     Zc[mm]	 Omega[deg]	   Phi[deg]	 Kappa[deg]
Minimum:  -1177.200	   -521.900	  -7016.577	 -63.205499	 -68.796971	  -3.670265
Maximum:   -536.300	   -127.400	  -6027.470	 111.300181	  88.769945	   4.195828
Average:   -793.200	   -371.978	  -6355.999	  20.035473	  11.753537	   0.749902
Std_dv.:    161.981	    125.478	    268.448	  62.298323	  49.447836	   2.177638
RMS    :    832.114	    402.805	   6545.776	  65.620989	  50.905405	   2.310312

EO_e - After Estimation
             Xc[mm]	     Yc[mm]	     Zc[mm]	 Omega[deg]	   Phi[deg]	 Kappa[deg]
Minimum:  -1017.200	  -1616.300	  -2098.914	 -25.959776	-129.812351	-4711.286823
Maximum:   1931.000	   3024.300	    388.674	  59.774770	 145.064414	5532.564304
Average:    116.700	    237.661	   -130.264	  22.946801	  47.269620	2092.285357
Std_dv.:    751.753	   1007.994	    569.531	  34.494491	 124.053698	4946.258475
RMS    :    761.284	   1037.235	    585.091	  41.801907	 133.248539	5394.500923

GP_i - Before Estimation
              X[mm]	      Y[mm]	      Z[mm]
Minimum:    -26.900	    -64.500	    -41.279
Maximum:     30.000	     26.200	     61.813
Average:     -2.108	     -8.954	      2.446
Std_dv.:     13.614	     23.634	     33.049
RMS    :     13.790	     25.405	     33.147

GP_e - After Estimation
              X[mm]	      Y[mm]	      Z[mm]
Minimum:    -50.100	    -64.400	   -140.661
Maximum:     28.900	    152.100	     66.537
Average:     -6.577	     23.831	     -5.169
Std_dv.:     19.017	     64.900	     51.676
RMS    :     20.212	     69.478	     51.955
